function z=CS1(x)

    global ProblemSettings;
   
    nVar=ProblemSettings.nVar;

    b=x(1);
    h=x(2);
    t=x(3);
    f1=b*h-(b-2*t)*(h-2*t)-165;
    f2=b*h^3/12-(b-2*t)*(h-2*t)^3/12-9369;
    f3=2*(h-t)^2*(b-t)^2/(h+b-2*t)-6835;
    z=f1^2+f2^2+f3^2;
    
%%

% 0<xi<1 i=1,..,nVar
b=8.943089;
h=23.271482;
t=12.912774;
b=43.155566052654329;
h=10.12895020227820;
t=12.944048457756352;
% 
% b=-7.602995198463455;
% h=-24.541982377674739;
% t=-11.576715672202731;
x=[22.0750737621282,20.2825035664996,2.17278478492474;];